ParameterValue,Gene0_avg,Gene0_std,Gene1_avg,Gene1_std,Gene2_avg,Gene2_std,Gene3_avg,Gene3_std,Gene4_avg,Gene4_std
1e-05,5.491704295466492,4.811673528264882,4.855760531968176,4.956021006022703,4.945121216460897,4.447193138859947,4.705302347109839,5.144585987844048,4.598126628491314,5.023402775971644
1e-05,5.756387538554188,4.532957971565723,4.225570549484773,4.222285094174564,6.3950775905856005,5.828977581201633,5.237015432192287,5.086360448965913,4.6838894217575575,4.5840395898277535
1e-05,5.467538163079206,5.03936128828152,6.116375175727163,4.062631105359264,4.407567703068114,5.170133597804355,5.573161094243151,4.856807109742384,4.712626525309439,5.411579222859983
1e-05,5.527937913182435,5.388182555402663,5.467393104189599,4.397944774582148,6.096596497633682,5.176012803819197,5.7328111437692595,4.501505507069614,3.7625682381534338,5.790499608191287
1e-05,4.559873707383541,4.918030542633166,4.943118552888914,4.860269414264858,4.182926251036468,4.43517899303935,3.818191541728779,5.272286385772093,5.106521379572333,5.033135474373141
1e-05,4.834401900439484,4.582403175247768,5.31857640321668,4.372129497964793,4.695239558437041,4.336943319914437,4.347241293449977,5.56800023365949,5.625747953545876,4.1954892453134836
1e-05,5.668278051219532,5.4318714454240675,4.85080970167946,4.2975501554860305,4.93189493445162,5.059915618778683,5.88555354904304,4.923908634036541,5.385297705975191,5.5409316542147256
1e-05,5.28246464999815,4.954311935556567,5.913065862293191,5.588208425451977,6.863264357688542,3.9392911913265634,4.906289851173934,5.140878885510647,4.974115593574092,4.13502335210981
1e-05,6.77778523890499,4.567781465092111,4.696033628769964,5.265062679492899,5.838514428100973,4.154057383089078,6.087302757597628,4.765017864155445,5.034945184055186,4.99719969767489
1e-05,4.016485150982344,4.335830599102307,5.194179837346365,5.531859042152926,4.397428898921198,5.310052250446272,6.314670904479812,5.318989530894649,6.187267083002086,4.0856450278938405
1e-05,4.796532848787834,4.940518048258408,4.922827617515266,4.760275659935144,4.937294714116915,5.3348133228347505,5.289211219674362,4.477019909311613,4.005294820394359,4.758720398907317
1e-05,5.358990239260142,4.65019218100782,4.952961795718195,4.614427799763993,4.486052606010353,4.462597246734962,3.4963162500297464,5.270791275811612,4.212010425253439,5.139169231471183
1e-05,4.534375186122986,3.8071717209006675,3.8348380354491587,4.322495610244409,5.580225481937965,5.348550233782029,4.868391860242618,5.118124311557912,4.926635849022811,5.0207167111749635
1e-05,4.740140809888714,5.303685373020067,5.084728218124234,4.6724704440067,5.1951285592389125,5.357905875728861,4.740225347228514,5.366382451613875,4.953853661236664,4.073030437294828
1e-05,5.248896027936701,4.558173675438398,4.338180718592018,5.52301447304363,5.235414188025786,4.682468458103128,3.5507840474033125,5.112400783257778,5.582079440780351,4.245076594350704
1e-05,5.291259031000051,5.847791841767044,5.326253783167697,4.683873509472557,4.448885179864766,4.279281044342748,4.450661112203171,4.64387456823526,4.971483946495889,5.633873307751524
1e-05,4.783524710302243,4.842044642476835,5.4900854731716855,4.5167610629630595,4.374447894132818,5.234925870417386,4.966572531179925,5.309408325942331,6.531172356381339,5.817318327232233
1e-05,4.8024520301874,5.377276271643346,5.632599439840174,5.246619758550728,3.953229883731846,5.689761681536841,6.482671593546109,5.6302890755195785,5.112743029333872,5.568946512768054
1e-05,4.150731417228239,4.753064226967498,4.0523992021226904,4.912015742637582,3.7048327485634927,5.370551225415006,4.726302109563516,5.589949043520203,4.4284290155082715,4.91468593861749
1e-05,3.237605015885825,4.088456367402148,5.417012220295929,4.768460321859876,4.820749908094957,5.988141471340914,5.375041008317107,4.899037985547432,2.909839043477765,5.427589835824145
1e-05,5.159303588253708,4.594384351324252,5.915101933471328,6.006242314767399,4.300652597835527,5.426924927382052,4.510718702660296,4.34554712924074,4.642228746243724,4.849595015742614
1e-05,5.972995918353191,5.364089335544786,5.8000823737869815,5.097731121379371,5.430103850538591,4.709196351001994,3.8955459423544965,4.7190360851595905,5.215603979183012,5.421176447448795
1e-05,4.70638232193215,4.828918390504691,4.981924289292799,5.759652168733301,4.977648643578269,4.809807046930207,5.891366801750931,4.7255515704713975,6.253318141422543,5.439146327106997
1e-05,4.728449617981017,4.202524999186524,5.232709634603432,5.79697513034527,5.132081059675106,4.599806528366218,4.3229881434308215,4.686754286021473,3.931604504086097,5.25739328616999
1e-05,5.928101203896275,4.862397836850795,4.270234399855839,3.8268279489417925,4.2740648823348755,4.865560601261975,5.272345748190692,4.140970653987926,4.901026179765835,4.675002683285647
1e-05,4.866029839183614,4.947291370323908,4.446646786029447,5.025269149152997,6.15400376892335,5.113356724290479,5.050442936686017,4.601455789458905,3.550926761412111,5.394945712184898
1e-05,6.058528112395727,5.584894424430584,5.513350106278913,4.98008615353095,4.5412891066787875,5.690022743415007,5.259707878727522,4.938553108774695,5.299268919880171,5.368075508831367
1e-05,4.678202723047464,5.606452614479728,5.902525716606619,5.69935043827611,2.6778633051841365,4.495375480031264,5.440268046160774,5.266328231554905,5.258134526575431,4.766613989952493
1e-05,4.887464927947673,4.981887787235225,5.449346740371005,5.316446368586677,5.47538329498078,4.471693528741255,4.909117512909073,5.4485431566361475,4.661078035601406,4.990801062285415
1e-05,5.298086196078371,4.502875098754976,5.132001902632455,5.737428620684662,4.639197116036632,4.612029372854533,4.845329256215665,5.351631875910862,5.811937271935405,5.131104417908752
0.00011,4.760979266326949,5.3234558022182785,5.1075444926473645,4.501468112735442,7.238696450551186,3.7533164978314892,4.892865775938212,5.857577256135744,6.050943835568931,3.6229700276758185
0.00011,5.062831201118833,3.7396110288877495,5.786119317508301,4.1215781230182245,5.808933461072791,3.694529110261657,5.325009488818787,4.092266200936424,4.052503919283265,4.702970251354957
0.00011,4.66073894373116,4.880465424860805,1.5765612266775448,4.58671678061413,6.627721240900989,4.247390303081481,4.364805701989221,5.165372436327099,5.59371441800279,3.57741571065023
0.00011,6.6365919126969946,3.9167984529830524,5.325632352821192,5.774888404480213,2.1833978592355328,8.12838765177086,4.5021644490482124,5.119411645564707,3.5475739231704018,4.634218321923563
0.00011,6.386187303549181,3.6885689006022777,4.678099134022277,4.374054880688228,1.6846929613456127,4.134549453327024,5.9558961949255655,4.6751075919587395,3.2884338066974323,5.237056672538533
0.00011,6.436830691746902,2.6326741603817174,1.7120998524983693,4.0770976162586035,5.602415514064741,4.354264016766294,2.538504177902936,6.484789221653185,5.484870018020543,5.441162815078728
0.00011,5.97751118015513,3.9037495294633855,4.7744876288941915,6.428764324363899,3.5711227944651713,4.860474101210286,3.778219847048809,5.4801903781597385,5.133256872802281,5.882337701474905
0.00011,5.00202438950278,2.71728241512464,3.1252741765694547,2.7375960373407087,3.9356343848505095,4.369450287882326,3.2302084027538793,6.931222343589001,6.142429712465423,5.241887304416885
0.00011,4.3178777165875895,3.445439029116303,6.179905733617112,3.3387204676352398,6.357490597838809,5.19311609943265,3.275535756991025,4.46134380558306,3.510511931091472,3.676527145150199
0.00011,4.538727530930371,4.116389758653475,6.701048076721032,4.82005124938071,4.62499060719476,3.0231243087382844,5.632917819403375,3.118956598142145,6.150566784161327,4.49016748283353
0.00011,6.54850024155204,3.8865344836470417,2.577286572989885,4.594027504948588,4.686474232721518,4.854578267186295,7.665486702269954,5.151157110707654,7.446642279337311,5.712455876514096
0.00011,5.690757246094958,2.6428173880915766,7.404322894962036,4.138211441511198,4.742704261860053,3.515509157343709,5.60783585902298,4.686193128189125,5.711782505944656,2.5863361380864083
0.00011,6.94265207558349,4.6784910237766715,4.187617631523308,5.872751881947275,4.681666831436786,4.739429731211105,4.320621259744528,3.787201702369071,5.2248176778074065,5.925139122357388
0.00011,5.639843843364069,5.042298174149258,5.79043320299751,6.035412284457109,5.6062714724360845,5.5301609268727825,5.313064927354062,4.185871173678688,6.692918937510275,4.914543019599953
0.00011,6.975080391935108,5.212338343795736,3.6987317184816906,2.461139547905993,4.800616493025494,4.129251616835776,5.200059721099725,4.630596281145889,2.399433852722469,8.471341730609108
0.00011,4.323505434590492,2.9050315353407457,4.717570780955816,4.50803250385809,5.014072365028656,3.783806840731029,7.463764100410121,4.34799932700724,4.156747147744992,5.201313201998639
0.00011,3.3980633011454793,3.9085133522301776,4.426257504673974,4.819139133851043,4.371509222632343,5.213880593469937,5.606074475656479,4.683740668036956,5.1051447818455005,3.2484725899885154
0.00011,7.523820849226272,4.4293919008684,2.7908467605172658,5.861249130077883,3.568955182933269,4.0034801402142435,7.039231596836747,3.8222239247548346,5.25704335594957,2.525907478842122
0.00011,3.3919916094859452,3.0704288066204413,5.686892085342446,3.7059469774175335,8.421217771130305,4.419645503705362,5.785997569101839,4.1782569580405235,8.218424645538775,2.2649692451660086
0.00011,2.433248900224788,4.970461921591207,3.721984994986401,4.594533059836353,3.3988276487033793,1.354627622482424,4.891256126174836,4.968610601998492,6.614344684844621,0.9694059123676434
0.00011,7.546131503994775,4.667752471218483,6.740180187924224,5.651811798618329,6.332622070992733,3.925083537275056,4.27058087113765,6.072714930950322,5.955437976298156,6.644904484703275
0.00011,5.820816450358606,3.8658789645569467,2.835138555714982,3.846718502268142,2.5831381572126393,5.280925715231974,7.39913808659686,4.4849522116577205,7.561935101900013,4.603423579995764
0.00011,3.709750945625975,4.602678884173575,5.1188355542912225,5.637400268072704,5.364458637930005,5.324424027302685,8.081957842651857,1.9016836425746368,4.391850116581998,3.4081793621639864
0.00011,5.722006462121389,2.687979954326458,7.7176639456496545,5.413459480987125,5.819577671620651,3.8503996526544406,4.8613802323872,6.026567787889834,2.7500759863991573,5.2426483340882495
0.00011,5.707736919700134,4.156992223527417,3.535475325385028,6.236387883693999,5.1785286441500045,4.148690676038966,5.247664195024894,7.089345141676536,4.487941347935694,6.509541957865848
0.00011,7.262395295782237,5.974205506032179,1.6595978039743227,5.467055540067162,2.8873962842178065,5.125812473357443,5.744061371796285,6.371691915100611,6.817533904078739,3.9554958642867035
0.00011,5.44074561631629,3.6849854958234816,5.882907288826459,4.179228997162695,5.771962486534852,4.23626409722039,5.371159236434084,3.528904229909984,5.862556333106939,2.742857904642243
0.00011,1.651378634904498,3.010510320951483,7.160960223482519,5.937403463187616,7.070575660204905,3.8798036878528475,4.473104768393659,2.8281797431826656,5.685230881958492,2.2710788284177785
0.00011,3.0647908168283577,3.1041602028964856,-0.03626355305624432,2.9147295946999328,0.7101461325542512,2.3218262991452385,7.291499052021824,2.5657333776611546,3.5840137973635926,2.2271947174807556
0.00011,3.6974006435991327,6.733763551845909,3.01464161247107,5.487041008894467,6.639329890017005,5.427418739561612,7.4074416796288185,5.689259641672066,3.850494981327599,2.044066841606931
