ParameterValue,Gene0_avg,Gene0_std,Gene1_avg,Gene1_std,Gene2_avg,Gene2_std,Gene3_avg,Gene3_std,Gene4_avg,Gene4_std
0.005,5.414276558919711,5.009531844099738,5.670147523974303,5.089273855043668,3.3077695649208954,5.322897230723924,3.030225224559941,4.458875136680755,6.70017071783828,5.981627345486219
0.005,5.4698851346832384,4.47474530144702,4.493562144827612,5.396082853710545,4.657228135881493,5.21013828171791,5.732726676467164,4.892371210293794,5.0550923545429525,5.034812327495138
0.005,4.622510566040153,4.741188537317449,5.810308825682471,5.370917132300224,5.207809769838338,5.41294532729673,6.121053926645876,5.139630936630659,6.97425514273536,5.298689802267322
0.005,1.66602601034443,4.756550103796442,1.8461055922292584,3.3642018192756336,3.7666385750011435,4.632032260530008,5.67059585121279,5.291827687109245,5.729716661662698,4.38953287090563
0.005,3.4378288056732575,5.721155415127039,4.467430375868939,3.924564680842883,4.78653426394521,4.319569847908459,4.9391190547450945,3.6826637993631475,5.773667554001989,4.72435109361422
0.005,4.851853665105035,3.968174874028979,6.694852887729178,5.805511175417164,4.714365298214008,5.092810967490343,5.770281771250514,5.525154745097119,4.119279518961961,5.128581235885125
0.005,4.986119082843038,5.5519404545038515,7.4155737280585585,5.750429803850601,4.451644395997741,5.788490836263836,4.260430813573704,3.603151321942903,4.60491877741824,5.0516801840488155
0.005,6.006222816670646,4.501398066645686,3.275107492584365,3.843350677184974,7.2996217430143915,5.1944622896336545,3.8516488329270397,4.750244085883802,4.367182275489678,4.5785205237120365
0.005,4.122880794390761,4.764805373678985,5.715424640866107,4.533443376948575,6.153289865626297,4.99180914341947,5.8929692104951785,5.296737201627463,7.297064586809484,5.271822454189236
0.005,4.802166923696082,5.504607200350425,5.956495229774544,4.223416397218233,4.748660919093042,3.470896256725212,5.447533570700231,4.1283959997929305,4.127210551603832,5.574467298667344
0.005,6.569818814354122,3.962848143672901,3.897049282749827,4.932642826091668,5.5315454935393005,4.972045506440733,5.608063114649268,4.520537638626598,4.900087396809156,6.130865786865694
0.005,4.5761266238297305,4.898585770154714,4.2065859016513905,4.752107866313857,5.846752623094944,4.549085263040804,6.531013063656435,4.691754563864361,6.030615433983266,4.6062817444585065
0.005,3.6819727329360554,5.748105286002834,4.124438990594567,6.094389366272355,4.60192053673049,5.039104385591561,5.497377772197266,7.016477592921778,6.240514495558267,2.901771778769785
0.005,4.978381133307623,5.805608219603665,6.38928552943059,4.058364008810306,4.02339403273037,4.427091638031727,4.3606475021184785,6.193378229089681,3.20898324805117,4.383345661879854
0.005,5.668107284718199,4.066828273354556,4.670281389175752,4.36445810030624,3.1741514304460616,3.8387932606994397,7.058387302299007,6.4634421296780475,7.396675438658123,3.958251360599329
0.005,5.399005935350815,3.1890625984897145,4.597433113332583,5.0298243098547655,4.798370103108694,5.730990162210937,5.359026623405575,6.3692867616072,3.2728184494062593,2.9313012018358613
0.005,5.845283064138859,3.309206633419252,5.6497438999531315,5.041368529742249,6.364793502836695,4.636683430519611,4.101900806134677,3.6944343548849496,6.786424778027667,4.671161233479412
0.005,3.1958475433596836,6.102322262249278,4.318378093084799,4.734828531932847,5.6001609410876405,5.505072082801929,5.468144285948229,4.608178198979677,2.597204471398832,3.705054666393489
0.005,5.393995029698779,3.0177829304755677,5.03204313048372,5.03306364740443,7.119400346348167,4.685330419688164,5.815146757902294,4.979736525781072,4.852785663653372,5.022741367505938
0.005,3.2066302247407066,3.8937046009798175,6.406984461362223,5.89257518282721,3.276186637779572,5.714618627549768,3.1663937240588145,4.074583314894286,5.169187797362572,4.763644435273175
0.005,4.5994778975160715,4.377313226899738,4.587546019044116,6.124578430295589,3.7598886473390305,4.001340350634795,4.170702304711786,4.1477798260131005,3.213670926902065,4.238541923986422
0.005,2.361405960039294,4.072497065529012,4.1406571980660924,6.044835357905596,4.578699588467072,6.80245213065872,5.0661328093130455,6.172678520177321,5.692197682094618,4.851151610095887
0.005,5.282808559958135,4.191993764389735,5.801693577311921,6.741795876706994,5.103368343925873,5.516396223247929,4.740876498434344,5.18162298281759,3.477584671050316,3.9521842610892413
0.005,5.388475563310187,4.509972448604614,5.249354124388058,2.663293540596832,7.009731743840965,4.212091647306377,7.475085825434826,4.919272137050752,6.285073429716847,5.983876608148491
0.005,5.479327692706043,6.11108599681198,3.3632512217628348,4.115668282179805,3.7081791934777724,5.53974523101802,4.759601060720685,4.855793897845588,6.59102649519606,3.9653148568549725
0.005,4.669682661356369,4.266438666616463,7.270115569464252,3.7339388068752823,3.81544190938033,5.141708851879906,4.473211281668844,5.716019806510769,6.373678430798402,5.568348602900215
0.005,3.9109293061038906,5.148508011612323,5.32207046679487,4.59950750602197,5.162142505485396,4.433219184518419,3.7012808806282997,4.842384339605395,5.45174972381555,5.530088333663538
0.005,3.9858150155895116,3.6057960225054737,6.473344301209557,3.3090856985534773,5.749065565298737,3.655257318406986,2.7593100946444444,4.502771796702866,6.217189933019312,4.227612342040936
0.005,5.5400348850282235,5.145620238808167,6.397919770236341,4.130134137834264,4.1912097167479825,4.788465203276905,6.694464785696142,3.919220974486575,7.566060712376205,3.4868096435209455
0.005,4.11565524863791,4.993544804299377,5.086282779105199,4.599413833637255,4.725797616463326,4.627761722754358,7.10554651808256,4.7924425562771855,6.127079105907127,6.281858451001201
0.01,3.451376167998209,6.369741655285631,3.606365860422479,5.363501711452337,4.727404931876605,3.473759504080918,6.066794338787154,3.8200735894981084,4.737409318442871,5.0992088867603425
0.01,3.1781085630866053,4.0058485675417455,4.1503130365102985,5.055708409413644,3.279220773440517,5.1257464685230625,6.145434664560433,4.027891426212843,2.8053159229462086,5.157424856805101
0.01,5.859076527653133,4.338025389057209,4.677438167489077,4.760480815994766,6.097373217306727,3.338634470832322,6.530392211463419,4.009613722382937,3.7257797736405243,4.6347032537156085
0.01,2.9430855047659907,4.919716736431422,5.790472333896099,3.5004036974737622,2.630210392729428,5.558962823967679,4.016729640580341,5.257599784886071,4.997092698629699,4.0470418552156
0.01,5.511725705137575,5.296666646945374,5.847773654177909,3.8734894091820244,6.378192865184452,4.162269099328118,4.849231702575501,4.200976388439305,6.59489962268443,5.5663989435863375
0.01,7.979273756698879,5.164444581623942,5.745835591446827,4.756171848828135,5.179799395648566,3.9597554371355175,5.4343587972875635,6.545640495022101,5.894655289741939,3.2788163174839124
0.01,4.722453344824888,3.906866493992597,4.84621725886163,4.866410124868417,3.6530144345626234,4.00697466242015,3.789534677304783,4.402019372365857,6.991678597260847,6.543536980440158
0.01,2.7691112569077556,3.027054949666568,4.754140424367347,4.864837201356838,4.437017509703674,5.3003219570512945,4.638335931528915,3.992914436009308,3.759190500671887,4.4509176167605435
0.01,5.236379863332355,6.077838239394484,4.717338445937619,4.926360829835184,4.16321077942561,5.9375928668004585,4.279387796542836,3.8529591936176915,4.262306359097311,4.83939621423482
0.01,3.434683721133574,3.8087405396977845,4.183154454192132,5.100271205401374,4.6089836516651,4.9071091446317405,4.481753461444555,5.534520771123843,5.183530724527518,4.747761854891782
0.01,4.098344562223316,4.603820824676398,4.816742182432808,3.5317635632658724,2.858583304573967,3.681957745049574,3.9490178496678316,5.269757370551556,6.447027029479443,7.585297306417732
0.01,5.185469369601854,5.192674850319848,3.8499710730318366,4.517142109668396,5.26545406735573,4.798224583809048,6.9648848787747335,4.540681154373367,3.9544236422556933,5.37627760515329
0.01,5.506470722922782,3.1107116030079407,6.0971650805822435,4.2997396528879195,4.0598469642279,4.948249661347739,4.87459331133567,4.279084282814689,6.573655435772119,5.546447398602456
0.01,5.6934181997767945,5.7624472574311145,3.9655830563773233,4.562280103620918,4.582485778376291,5.559629461081665,3.6619884469463955,4.649436189881322,3.5387945302251738,4.500783398548482
0.01,5.336034199513213,5.058826154896919,7.552355975302598,5.650090284500017,5.330645367787292,3.9586685173688303,2.2620549526535494,4.40377163275915,5.2695587796259815,3.725404995865489
0.01,5.262151774007903,3.4405261729922567,4.748577636987277,2.5218828913954474,4.012055231476204,5.68940036709358,3.4092798899064407,4.285045548519563,5.992330121936151,2.796269009530591
0.01,4.491480278117393,5.290747279582811,4.593095458303491,4.335426931989302,1.7127457272262887,4.74301245993512,6.994288447029769,5.737938856848014,5.523230106872088,4.3046433504279955
0.01,4.278009853051434,4.485896438496973,5.50143004977894,6.162232228665254,6.689985205963755,4.095693787848772,4.224152296179241,3.6152681867302126,4.063120441768475,5.9948205984161405
0.01,5.417260693588566,4.681667954703935,6.386557405475749,4.751888326578383,4.043476319308411,4.534171516000419,5.927409186395364,3.64521448336091,6.07981968823267,6.308564205307036
0.01,5.441809501639881,2.1985380945999355,1.9709895452836208,4.380589068670815,9.142923284421315,4.639602041097535,1.3455971122438055,3.2956939033161974,14.5761811266197,6.84057241975566
0.01,4.12961825272271,3.9848715315806476,5.2091682514716116,3.225123572856617,5.032203347134287,4.729018032892122,8.54400637789289,4.571109178805406,4.909149567091161,3.9856279779775265
0.01,3.4281145773676895,3.495746633337293,6.996727085557179,3.8638533464516875,6.7576241476147,2.8092811843142074,5.325674416213542,4.457268853957796,4.468733769600327,5.429683808808951
0.01,5.667942954983773,4.999914948183952,3.950565442246918,4.941984953623985,5.206583122342583,4.570374071278892,4.188884902156406,3.012156652899699,7.28715252429421,3.371610995233636
0.01,5.610463985507583,4.977790453006678,4.755704216766965,4.2584139256351845,4.759630328242265,4.644595916974431,6.691133131496827,3.744533596645298,3.7368301855451045,4.535001634204756
0.01,6.463009260088911,5.307207114878325,4.749654465926637,4.374913129250442,3.0453149858747914,6.0528182985850405,4.079830166595377,3.7599620517423533,5.513073094680915,4.160564930618888
0.01,3.6233658820526036,3.4910226432109095,3.7699881990295694,3.4413812377584256,2.7527518538092903,3.723793703543054,5.389154679042662,2.9459187164933214,8.059477193807163,5.7857100828320975
0.01,4.97827938130637,4.994379696929632,6.481297259364025,4.283819526794249,2.9253247840522727,3.9925883118125243,6.3582667892842,4.677669773767764,6.721991359291616,5.932892586700118
0.01,6.556904024795072,3.211631627067444,5.51365507563538,4.011443446267355,4.139881497785932,3.8772302039039,4.882415928048467,5.115684261370433,4.711002662589321,3.9307425218820007
0.01,3.4694824229105823,3.4151050073235347,3.590758304857477,4.379414720089402,6.242508813999301,4.353067720852836,6.690021804819777,5.199677037126135,6.495461961411118,5.152305783294402
0.01,4.035333255723466,4.141564935004104,3.4652235081802454,5.295325572637198,6.078018846269948,5.003950161041401,5.059582165086816,3.3802771008811963,6.6072626973818815,5.2326459099728595
0.015,4.744601068835838,5.053308560185666,5.649651650087488,5.497336829865599,4.187715855970044,5.964136594411982,5.116547079954966,6.372593306169028,6.631904847056278,3.8429511573138653
0.015,4.84532233089492,5.445198906664348,3.2874933243734614,5.672635536802697,4.319601659778399,6.205678651843562,4.52057921218688,4.775901959840061,5.778957467200246,4.428134620628678
0.015,5.166891698312369,4.247051178222827,3.5793415217664966,5.490221609793144,3.650488670251593,3.6685051720827317,4.317403538000062,4.492654425436928,6.81489553058926,5.804012678105306
0.015,4.53602548312148,5.479839325152509,7.439139946830025,6.233402951841438,2.9301369390257705,4.6445428030729845,3.717672324930339,3.6370228290569817,3.4680536021438657,6.2682852268647125
0.015,1.845334876373029,2.938060868427507,7.533032475989447,5.010975821046066,5.574577338882174,6.721625044550638,6.269411565816592,4.957054332165409,7.4144554922606964,3.265431535730936
0.015,5.307251204027401,5.759864478197521,4.064506427206514,5.430432733141884,3.7496075054606095,4.659877204480667,4.644326817069147,4.24852495685582,5.803778415948204,4.113251816839579
0.015,3.926135487113076,4.791965704263829,3.658514911537714,5.173340938447411,5.842201415246751,3.9531215687600088,4.352201398701737,5.227476481323738,5.846132663608444,5.302059414477242
0.015,5.124674699571261,3.2778573028932585,4.19255608700848,2.6630064303320897,7.056748006619189,2.7630151737974407,6.159829633560426,2.934468276559297,9.91818200118373,3.2179377820872186
0.015,1.9353974953546365,2.3513124355142705,4.066373635681228,3.999260691095174,6.239827177353655,5.049419715611186,6.892689514575705,5.17543323088285,6.839148488154552,5.329160299104827
0.015,4.348104616739294,7.02408980134964,3.929346167479964,4.054807409093445,7.673562826771903,6.1177018627199145,4.096651100246156,4.722622236323565,7.229194046811569,4.147183811132976
0.015,1.8265618269654005,2.698838956518033,5.4582707923828195,2.538338450827765,3.0536827066146395,2.943135608919583,1.3949578767231992,4.358093797857437,5.9752336169877625,2.9133356245209456
0.015,4.910895408648274,5.931048803352846,4.708094129531125,5.726912399533936,4.768037666751916,6.353772627505178,5.425514066504346,3.4552181762542897,5.348980962396509,5.1332233106117515
0.015,3.3820036900293795,3.087427390541957,12.088346681361037,4.483178909007853,3.282894616354061,2.601946637672301,4.536066182476749,3.3262895569397073,4.377431648745663,2.988595054513305
0.015,4.487936129954871,5.377397496462994,6.646625389673403,5.259627563164974,3.9217962066166017,4.5028083072739395,2.836176183265769,5.1397419717835735,4.608763742975448,4.650884086562907
0.015,6.266302908956642,3.8525607295798463,4.109759837881642,5.0714966249177,4.656635503537047,3.606315287590715,5.399865959020727,2.6178901956811664,7.1836829448252715,5.348905230682003
0.015,5.353141732606877,5.859610121029848,5.982566141371777,3.8621889160291243,5.655854210507683,3.842366486472458,4.416197663492499,5.420284331301253,6.595028683595701,4.425337944007661
0.015,4.66694080117396,5.588209970827586,5.44716225927799,3.2595645541181573,1.3870350166774368,4.670972413072751,4.7535959747924785,5.76304909633662,6.143295507403667,4.261579539546647
0.015,5.720989607602591,4.796018707514134,6.8485673772822375,5.292296045532936,6.483154275392172,4.184757478689199,5.023139769770537,5.562322912871842,6.3366303995420115,4.789300471551336
0.015,5.846869635213407,5.069403711203225,5.316292968997719,4.792940415276103,3.8625615333648167,4.260462693348963,4.844411768773807,6.296890807673824,4.8567631728293446,6.189669624079317
0.015,4.823001613124069,3.736144238379404,5.416068736663822,5.7254039596591015,4.858017894081263,5.708729586081097,4.8699818139333315,5.326107573613503,2.648994845824305,4.136424233963024
0.015,4.452373556534565,2.960687423203541,5.080990846951358,6.150869715964563,6.690435550394922,4.7309535783596415,4.723703753469785,4.783573335217151,4.286199244872452,4.303754740076809
0.015,8.090022695219822,5.625928678214174,6.1741318380296235,7.032800607592905,3.8691055382709303,5.394140759170427,4.747233673339174,4.212590096996899,5.050237837750394,5.347240210817603
0.015,3.9516705144065143,4.6693558786702445,6.437582658752715,5.7714794120924875,6.333609413497484,4.814373260599243,4.485639110520225,5.541433612858351,6.031101176983307,5.558550044843785
0.015,3.000114592165627,3.6521246680864294,2.909431036148075,5.61583129325123,5.187382888192138,3.242819474882595,3.8321250031194594,5.528911780433771,3.1005458439563833,3.2084667440764196
0.015,3.9062550519407737,4.134189525996806,5.106355683166768,4.965062118002973,7.5320376006565635,4.426311683521614,2.187018948109215,4.386763500879002,6.030059344883571,5.009977625488668
0.015,6.210131672500539,6.073720447335637,5.241258258038886,4.265450158110601,5.9972135769629835,5.94132202381067,3.0966427821526166,5.307437333345728,4.030504435669496,4.299541134162616
0.015,1.9680089423331126,5.876531177717595,5.47015674998952,4.799924764413275,3.7932686131310547,4.8244937138293285,5.371569638873126,4.024213207274731,6.000326981422447,4.027804612345342
0.015,4.8973659212797855,4.632178236028334,5.381995949032965,4.5698304828424146,7.379106121172571,4.975452029429792,3.409202072788598,7.18376637291068,3.510313136451404,5.128464024230208
0.015,2.9938090844517395,4.4994160092387405,4.7491351480654345,4.7000368669539085,2.6069911887968042,3.9567098874392657,5.516072402005415,4.462857568808714,4.89347806386975,3.8874669355631344
0.015,3.7364249829520646,3.920480151050663,5.153709017595619,3.8900504707344594,5.756662378131293,3.558782016817674,5.805217517597482,3.0987897662000314,8.58153785000248,3.785055624305366
0.02,5.012266923817609,4.806140073479374,5.442677382244473,4.792772526093281,5.032127682178689,3.796161374701304,2.501233124508628,5.396290035495659,6.0524345120511835,4.055534770039415
0.02,4.615542931219557,5.284315860510266,5.886134360929135,4.176115166805652,2.8927932298227566,4.305919382020005,7.671452833890356,5.533438675938229,6.516247136428449,4.218900515684944
0.02,5.415624516057931,4.6502437487299035,6.354270872681542,4.917244642231036,2.6842751803763654,5.826919580933129,4.105875252132145,4.859446100148796,7.068359868900103,3.6512494202696057
0.02,7.138784719362043,2.870464893315599,3.868315870738991,2.461937865085079,1.2868260497579094,4.242272006708724,-0.25847252890663136,4.008295111707937,8.894962763923248,4.668597153359865
0.02,4.830254650621352,3.8635705249300254,4.390675187859665,6.506146221005615,2.584161849803115,6.929707152414715,5.490753942205551,4.4075229090497405,2.7253000618638046,5.854219757611503
0.02,4.768745058768815,6.170781832984127,3.745351717164132,3.951088504431016,5.018223964990318,4.125381884280493,4.8689254270250135,4.932221362242344,4.772417995447353,4.587622989160774
0.02,6.730849229041126,3.930649810545526,6.842833814821782,4.170426620660624,5.331797096013031,5.8227944292008615,4.640768135586958,5.107917232850563,4.7120794189297825,5.923174387501547
0.02,5.943419419078426,6.259115388872003,2.6501020943630618,4.258879983962296,6.365899163142121,3.01313696430599,6.871597417192242,3.8966549791020935,7.508726855845178,3.976227281395464
0.02,4.450577486660675,4.47193807240268,4.775443133224161,4.745602043172262,6.468391715708178,3.860237479622058,5.794386146348463,4.940816920123412,3.92384913346325,5.442242948176673
0.02,4.204340196955207,5.423202894976249,4.834784475316396,4.152907387051232,5.730293232313149,3.8322336227881637,5.927494823311356,3.016661103405785,5.992034702913956,3.0677230044597525
0.02,6.961813454242541,2.905482526403333,7.584676285047914,2.3450594975066483,8.67380214593238,4.119537048978241,8.393464437473583,3.531829103838914,2.7569561064750085,3.4058800419999944
0.02,7.022495796827468,2.5354469683968746,2.183696386779471,4.329957924068759,7.040187265275797,3.836075580362462,3.117085896684083,3.022629340263523,2.8001175307071677,2.9566409487794396
0.02,4.153426011469804,4.549958526702757,3.8492869146193813,4.872760956446828,7.784219173295681,4.52207708296413,6.592898649662141,4.1776567595731136,5.949196549312341,4.580709352755931
0.02,7.295808846093366,3.5288030194277598,2.124588944637376,4.339240976267582,2.8274140394286693,4.019689851922054,10.535213599147243,5.485129106758476,9.183498420814736,2.7661162741322425
0.02,3.671154397415719,5.35292817407862,7.328765286654148,4.887084062238518,6.1053989501399375,4.475657937043195,3.8571709288602696,4.519529188938979,6.126709120802349,5.74225633079855
0.02,3.4893156657079962,2.270705388763894,3.873347852293715,3.5339873551340815,8.742137925209445,3.5081144929957726,5.428136289618586,2.6367051872342335,7.702005249308775,3.2377527535233694
0.02,4.073009333505948,4.465089473069205,6.145026981331832,4.682290673429773,5.282324482194808,4.634164808444494,4.240608118550468,6.244434975932267,3.52386589392673,5.752962808018419
0.02,4.888108234187808,6.4878679286700685,5.320668819356369,4.302539848110076,5.586951995104365,4.883010938087001,7.018224832243444,4.476351679213222,5.375220745832835,4.62801192408796
0.02,5.08469745805847,4.233204740247467,6.0287259008857585,3.9418557371434044,6.261732012320403,6.723670073215073,4.115095709322192,3.7131304298809114,4.988321229306285,7.128199249985935
0.02,4.1082378589617266,4.192838723740866,3.5848087928204793,4.327399710135826,4.58675619913154,3.658500294047512,4.797298721703022,4.951182960180023,5.520439356260434,3.4005710014870187
0.02,4.290239120298518,4.149865679478872,4.6323276951627514,4.267939412015849,4.5623712943824835,3.9748117100082494,8.860098516629614,4.358265247988871,6.461880879958798,5.596617061914624
0.02,6.878146269674316,4.99138629133498,3.7561328480755742,4.753959368959104,5.1769783134179965,4.047130959586538,4.644073214128184,6.397700826630771,3.9738972801426327,5.367197594258492
0.02,5.4391025184962825,4.710617292972808,6.345791401519941,6.02523431013778,4.865958947066268,5.537477144763831,3.118168416863762,5.05297748809819,5.598751766973253,4.963282075357122
0.02,4.65413207660709,5.750333757707604,3.1190401390786184,5.946312031775395,5.140496836666239,5.573799300227273,7.5100904786951626,4.117454380730421,6.333717308344592,6.308133227166465
0.02,3.0174572494316254,3.6201444701101293,3.7433234805503335,6.069860043199195,5.452998099961307,4.454118502864979,4.6101893514337355,6.683147375692366,6.272530820507281,3.440448595779146
0.02,4.506727815576008,3.701963324585797,4.50392170107078,4.44538137111591,6.779711894979712,5.7491337415385075,5.150976807141819,4.395456357865446,4.882612150537012,4.560822394345477
0.02,5.722265543714406,3.9567631984920215,6.706631681052286,4.970357533354387,5.148954418122543,4.321990136192652,5.455693134513862,5.014585413427884,6.163195291490955,5.078445434804563
0.02,5.077256032590184,5.174220866138618,4.194626063362023,4.454358940464206,3.1462487958822454,4.946894786100424,3.8221066042940044,5.241954771841791,5.514456251186638,4.244358146889214
0.02,5.68294713699376,4.561605840724945,4.187743063368749,4.72840195250688,4.063810103915804,4.498977975727572,2.2305217698877624,3.725863496570926,4.765416823998847,5.970655234679777
0.02,4.722180187817417,4.885043072035691,5.164159726291045,4.452376196464377,7.886164888602267,3.4948579412279286,5.482230079046309,3.4916701488321262,6.322320934999998,6.27136168364748
0.025,5.508188034626264,4.805475031317565,3.3357081314113146,5.074143632100379,5.707556841021533,5.0870319757802225,3.9627671748376128,3.772499055402142,6.497326881507925,4.914847165886574
0.025,6.604971440839665,4.013362491776889,7.287136451959871,4.537727866401919,4.9937263044873985,4.419456512650615,4.954737500308341,5.330178748630467,4.831905493553333,4.0606625730003785
0.025,9.009766129172382,2.3471968544465223,11.759172723065625,3.210241217402153,4.5436218282599645,2.983345855377203,4.668380604942593,3.2265227278131965,1.0011411759272617,4.637518956720955
0.025,4.206984592157892,3.715948911937079,4.279926691322843,2.3750711549959767,5.1327977179107975,6.30934418640465,4.242171294907665,3.314201950301865,4.876338936217145,5.40162314438768
0.025,5.434785317166614,2.76246023829546,9.59976665133026,4.1351093976226485,1.9486338357107906,4.984559909114901,2.9848205375720958,3.4115839237556798,6.440321861772606,2.4887813487372052
0.025,3.360087551250357,2.1169707353780733,6.055820617661393,2.0658920507104765,11.127164216549746,3.363496750134054,2.614793842026729,2.703368240078459,9.586028014307198,3.769260464253303
0.025,8.327778828431205,3.742808329220722,9.611283248879149,4.134986362995372,3.487489624891754,2.7971020410594494,-0.911218343373516,6.027583922054551,3.7909082345510807,2.4561415690277744
0.025,10.655480233495558,4.941819527312554,0.7113236041121597,4.267593806381879,5.885417864693866,2.527409635161523,2.465206025493496,3.165930341134505,1.7736893535852067,2.381569753112471
0.025,7.9116172800437425,4.894626842623882,4.24287477840318,4.119075942258585,7.672157222759817,5.84414629717485,5.145481309394962,5.102467354719059,6.45788939631604,3.8413929953690746
0.025,2.5250358293150446,2.3093335891330558,7.550294519593091,2.833567534416438,2.165674762818051,3.5051492764064935,-1.5842348381603044,3.575345679332707,4.2390515172679315,5.2803623470439085
0.025,3.6089553704588258,4.104373956912534,0.77974956282776,4.815214538929444,6.713214116993121,3.6518951130942474,7.385492494034121,4.178907350748263,2.842684111415614,4.589835321109094
0.025,4.580415891315905,4.34290951102963,3.298479899805353,3.4905272430759258,7.9514613862430545,5.12360394802285,4.173756110000854,3.7949370901717914,6.22698188440621,3.767485583596672
0.025,3.9347873211805977,3.7270518613949464,4.804736651194441,3.348876973727694,3.295924348262386,3.5082146129978033,8.008006239828024,5.284320633040351,5.575829391531134,4.421752045637111
0.025,4.920617755682283,5.71481763785546,4.192609344895218,4.873099083808853,6.753427886044736,5.159114878219432,3.966533028119242,4.622523662171457,7.210967698499649,3.520560668685337
0.025,9.163974106191667,5.975485015961524,8.550912516471739,3.5457458307624097,3.2671600153290656,3.2354117212076527,4.672764367185159,3.069481368541436,9.04033917619348,4.037298152899926
0.025,9.361089473748775,3.850192935989498,10.900064519824719,3.87736175616785,4.383446821672526,3.404914529219908,8.078069213368103,3.4125785773562307,1.9140379543730162,3.4067334659620747
0.025,1.415000016353671,2.942055574190244,4.904719495446765,3.160982501815933,2.8223021382390594,3.1950277151508657,3.480225997317149,3.716177796032694,8.981645353128577,5.0044355335888175
0.025,4.522164714748752,5.789787822009694,5.301114449536159,2.74915137176434,2.073570567835618,5.895579308217109,4.036358457155658,2.8476809133755654,5.455922704745399,4.207129546272596
0.025,6.88863592542744,5.726189308802843,4.708016276881903,4.667547690440528,5.058659734082239,7.235561103280907,4.925190617012259,2.6633733953355994,5.344114576261975,4.424884391425061
0.025,7.342639083713904,4.431576563832172,5.503875283102092,4.678711510047285,6.079356537892506,3.6448287035909455,4.318730014380769,3.8558801017750355,4.631084155126226,4.841676467629603
0.025,5.586994575895455,5.980585603937365,4.363157963143144,5.399500270903729,4.756199063794936,5.90740868677246,3.293793679431919,4.371888766653866,5.6326005566383595,3.8612185785702344
0.025,3.4029625929992946,4.513062734506647,5.615075806884105,4.876805165214395,4.4837195420914835,4.306625511359983,4.809156219733409,3.929495701623388,3.715934739197925,4.2011244318227225
0.025,5.820391845688268,5.3250194994811615,5.639466590878628,5.050443185096494,2.883820820625868,4.325960866229327,6.002064870854122,5.450938759995646,5.458529984214819,4.9440502196465
0.025,5.300395305065759,5.384895172937265,5.0478147716915895,5.712482670382025,5.1200139969424034,3.9563399944756403,5.869743374828113,3.6800176339755284,3.836554850987548,3.8334176943570157
0.025,6.44811787634654,6.003271027047976,4.534769892149334,5.214807719989078,4.966433448586837,6.863097349731813,6.405757204566727,4.7234969337867865,6.571070035144087,4.689813514297375
0.025,5.524089314729303,4.8961604729757475,4.217588348405609,4.251258320201284,6.159407546676109,4.548941849543286,5.268285835760919,4.643743125054048,5.779501519521632,4.8975649582959075
0.025,4.279780490133321,3.489316039157052,5.830043877507636,5.6653110268199836,3.457653115819815,3.954564586957666,7.099097515668652,5.136132172269473,4.951071964285249,6.013167142986906
0.025,6.3146050574983175,4.80516546760412,3.4728211691512194,5.142772939277797,6.382938939343306,4.664788481806322,4.25069275613865,4.8860806136866834,4.681906419276488,4.844834518789884
0.025,2.445440683446489,5.548749405797952,1.872963448579383,4.243986467332684,4.114063708031492,3.2867737672197896,6.029076138569726,3.4422502922249545,5.915755678489485,5.379477461153419
0.025,4.472109459088774,2.9948313809791465,3.487302915308031,4.374663229000046,7.278090381842903,4.250421072830205,5.105595250594665,4.179215933398059,5.282821890887139,5.003989384902467
0.030000000000000002,6.649147794839169,4.023633377680011,6.271280068811784,6.180525158069635,8.11325654923193,4.200715644160382,6.18397332946109,3.870558639390691,6.644558300362069,5.4330560387854625
0.030000000000000002,7.1669597614314124,3.365946434718842,3.4426803754009274,2.2800976235548926,1.8526894281392556,4.029783049439936,9.055474338766611,3.793077655753093,-4.933501934981421,6.441936064513475
0.030000000000000002,6.987832132991834,3.3383980062818472,6.22115319493844,4.544808020257068,7.928734790258006,6.3114716249723894,7.552354515256974,5.283668295407239,5.787934300329699,4.396722569119452
0.030000000000000002,6.026698853644829,2.3845332886151147,1.1837613745913815,4.046326977181986,7.083901894316394,3.8257812011555075,4.218971382932955,2.4980344843811446,-3.697676105448745,5.760344253540531
0.030000000000000002,5.8195071326546355,4.433086308316137,5.626824866831275,4.254334980510917,4.402743749594414,4.366498465019034,4.710068387394941,5.268966549051599,4.588859427082913,4.076853560389541
0.030000000000000002,6.423994475662894,3.3074584247449748,4.047203222392827,3.052062023650747,8.407682006579066,3.4702131445050393,7.093932403828048,2.555705520102889,2.4400919946947885,3.227504377106568
0.030000000000000002,5.5969613584024405,4.2229272522086845,1.9691742757851494,6.311741611399754,3.739101063640227,3.8137956862004425,6.233964932220981,5.355964910636932,5.800389277008878,5.213971891872792
0.030000000000000002,3.852527151704809,2.204280235702052,4.172282982121401,3.6180303350853666,0.4738906541245963,4.5208218832792415,7.772694172034922,3.0670622804622694,5.151234918065496,2.753790222295254
0.030000000000000002,3.668864820926152,3.708214232618525,5.3820892334332555,4.817630659890175,5.622944472117397,5.165667502476607,4.714816218824055,4.969727062517615,5.64922245324141,4.754213517623083
0.030000000000000002,5.243813984444311,4.7859758765478775,5.060051294829967,4.587919747988456,4.229245284096745,5.661406876236222,3.252430319286043,4.987836823135349,5.337738160610432,4.151780126108975
0.030000000000000002,5.102209816821706,6.044848445575463,4.6760790364989955,4.800807232990687,4.049443803930344,5.171924776096826,5.183882846462797,4.493575996021449,4.734106413083914,5.151592383699547
0.030000000000000002,8.103944703448338,3.583546543931991,3.039535370553905,3.9113867280373915,5.507061913055649,3.030839190813181,-1.4129931692140372,5.6641982315928665,5.204406760713796,3.852824639182576
0.030000000000000002,8.604281165185165,3.701536561035826,7.967063027976026,3.2720171578032784,1.806189416592781,3.012765909157015,3.8512949282431843,2.173939983641395,8.300326874217658,2.449721131998966
0.030000000000000002,6.767349218029455,4.078877148803965,3.7353379112437217,5.735457580799662,5.263273052931622,4.032039196212902,2.6207480318116976,3.288047334568139,2.2862728505607546,3.8987114483952214
0.030000000000000002,7.914191711334901,4.974898593448746,7.088753400291856,3.514698285721767,5.818455937258225,4.455196282862885,4.704145900389941,5.824231687887346,4.549958990923473,4.1501783078707275
0.030000000000000002,6.241617229105414,2.370778468747383,3.0525916188247098,2.4685163629848113,3.3680328229175216,2.2782029857205077,8.182298302525544,4.9693838297826565,4.2445246193480815,2.9793274019209224
0.030000000000000002,4.910886532237476,2.7546839310788807,7.594314179091279,4.460403347655783,3.6844222491810568,3.8121408617532824,5.666179400965026,3.120998598805018,3.0711240589811277,4.918464551297537
0.030000000000000002,5.0267335696427216,4.959771754758033,1.5541106121019825,4.33124021823148,4.411379833521175,4.241346611282459,5.376633196360072,6.4177239634424765,6.713432987670477,4.577880605480562
0.030000000000000002,1.9084069432256878,3.7711096308843466,7.329408232731741,3.1779852760174045,10.644222824199497,4.150914041551876,0.5897721268218088,3.1630676863852663,4.753459362681026,2.400082998577207
0.030000000000000002,7.890998197004895,3.0744730796006543,8.226847750076484,3.426069761757224,12.29167634967524,4.254582378723836,5.317738033763665,2.5614050079642277,9.325848890793246,2.484891697539792
0.030000000000000002,1.717412209732489,2.410321458901117,4.407847589908464,2.6388671901451852,7.422831041455929,1.7816147562417513,-2.5194336452823536,3.830559769831818,6.199550338262662,3.392048283618602
0.030000000000000002,6.378006588921763,3.4392396631222573,4.122660669628786,2.504088777579342,2.6255377152752755,3.5844708884894807,6.46505298414934,2.252208753498664,3.4206441898526494,3.1934697332680755
0.030000000000000002,2.6694045236355772,4.671576804089665,8.789402805510719,4.185763997615363,3.028000053619475,3.857073919381723,4.831830430215007,5.488230135890059,5.6176647343174055,3.6871369803028835
0.030000000000000002,6.373284935428738,4.942614266842932,5.330797603094345,4.706681561098838,5.278497091182931,6.010622151492648,5.8740248102875166,5.51601650964423,6.746933548900218,5.18027474497608
0.030000000000000002,2.1762095153440058,5.473901877319555,4.557991011522789,4.048598840979506,5.9998952610553165,4.145658218102163,4.1855605418723965,5.317513222873304,4.794655599394643,6.43433521652688
0.030000000000000002,2.356133126701215,4.5640349663555755,6.924607702506708,3.4627765107879513,3.9917367380514723,3.5492848478561165,4.320250440860245,2.6470758621055435,6.92723854058669,2.615396984478611
0.030000000000000002,4.070550156998111,2.138966677152916,-0.42721166305266584,3.5415410394965776,-0.04892563879533716,3.6612841215111755,7.9469218404380815,3.1606787515250887,2.053192261107579,2.8562777393293732
0.030000000000000002,4.30442931252006,2.8413826254274075,1.3777290565125155,3.8050078909908365,3.683608953348464,2.6152578357016645,2.7508174727560304,6.196826747692263,7.4538135236215615,3.8206686409665656
0.030000000000000002,5.688756056872875,4.542954895236559,5.172175851122671,5.567753232987809,6.551657254731873,4.279874410898052,4.7094568506315895,4.110609648602907,4.4357670464379355,5.282885483149605
0.030000000000000002,7.429656557157637,5.110002180347232,6.712371169266989,2.614709069830401,0.27891858275627335,3.4190771911343236,0.2628934131412502,5.346683953905516,1.6084824232233954,3.283963843061449
0.034999999999999996,3.0943737622597887,2.814749485599766,4.46979084141047,1.4449793076685893,1.6095811545434975,1.9288115320423371,7.079889425824147,1.9242015424562415,-0.11299789151011046,3.6272494375074547
0.034999999999999996,6.111823101146918,3.1893948762054944,6.125511345162305,2.370235572693045,0.5724106548347961,6.0293651508388555,11.507178090222235,8.019293653362617,6.407590396051855,3.67883794644929
0.034999999999999996,4.573077329693021,5.098329578891017,4.537057077974228,4.792649526104532,7.064730477220761,5.0420786229985595,5.685385356271092,5.0635485726164235,6.348086932487596,4.459038189906979
0.034999999999999996,1.6656384362917125,1.2192625017894838,4.867306908761112,2.455838344447834,4.642508527358723,1.9574558289410362,3.2876060202252666,2.678020449315929,5.859302681024476,2.338406456334899
0.034999999999999996,2.524580920837635,2.5946596964379633,4.84952855913769,2.6537648697997596,0.8834407381061224,2.7217070023832797,3.169166007143426,3.1579574504023578,4.307603103621803,4.179144769260436
0.034999999999999996,3.85019001545578,5.5132220229443325,5.250589290970914,4.510095221811029,3.966795814185866,4.959539799651155,7.979056395406925,5.44576145373105,4.948316082801938,5.008753414153612
0.034999999999999996,4.367690537953993,4.085702161011664,6.5640678856960495,4.8050085782114715,4.285653287216842,4.9224628540819335,4.169642395755845,4.15723382256186,6.609914169195773,6.296342360657496
0.034999999999999996,5.347092075122959,2.622918927112993,3.182028390791026,3.0830746810476315,7.455828703961332,1.7945974812977465,9.452626790306402,2.626255387174135,8.374202298118691,2.8908155599278222
0.034999999999999996,3.240824806733441,4.356434645867188,4.500733304266911,4.274579923051821,4.415909258501134,4.739478596338306,6.136454415438487,5.230847373955219,6.89483883077961,5.761615269752799
0.034999999999999996,3.7101682679828203,6.041838778483166,6.853156626389902,6.138354131625564,5.409627110620317,5.906672571448718,6.553168835182114,4.060663915721656,7.072966100336552,5.170038243642463
0.034999999999999996,1.7236020604629663,3.222851573294731,6.34259983949957,3.4675208740414063,4.986668422615692,2.8980493697146748,4.301337168889861,2.77680533592052,8.348076226702322,4.253625722532266
0.034999999999999996,10.41139193544121,5.015582553491997,7.744925049250515,6.1615678542063135,2.5964331803146026,3.897323982688577,2.9775378560571664,3.861634458642214,4.9327816521193535,2.3568416334606686
0.034999999999999996,5.5132348071316475,6.448120772046812,3.0643127803201398,5.178351821815891,2.510439811166685,6.4667524634917655,3.478497865101839,5.10833282727717,5.262948216596226,4.690918265829596
0.034999999999999996,6.493352548834999,3.8838606639575306,5.542453916957855,5.356251192089595,6.38953184200924,4.817511429213308,5.99249794949598,5.3071033757315185,5.816484596637854,4.536297596220109
0.034999999999999996,5.419310574132382,4.141689960964258,3.399738674195146,4.757873782942126,6.855493806008795,3.9404783663626595,3.2549235417954074,4.24899345246773,4.519405020716153,4.235364281551001
0.034999999999999996,5.861735216414092,3.0975234472336473,6.808549622963851,3.6812149196443196,6.593090393016595,3.265353348176305,7.728464653537352,4.6182740643341935,4.549209872379286,3.5292377813172875
0.034999999999999996,5.0615146665180895,4.741795914042034,6.36429066192805,5.010375730990757,5.229822961329254,4.506776049486969,2.3414232981360374,5.473883689681069,4.919963429240166,3.538569137237566
0.034999999999999996,7.579604151354925,2.6223907707651186,4.923240685764167,4.095919099027784,2.913261728877679,4.972503341299031,5.316161620384033,5.192189528776161,3.1685892229390156,4.752883564178124
0.034999999999999996,6.134975082823996,6.234193136570372,5.320318142593546,6.5086513471746335,4.2845461502820035,4.372066979519818,4.588532540164905,4.755064236774447,5.913562796628048,4.752748999858585
0.034999999999999996,6.256559692750591,4.105371194647414,2.5728798187670434,6.547818165365353,6.374824024231724,7.195852409892383,4.8336100119172505,3.791724959453228,7.239850812885634,4.987972241482998
0.034999999999999996,8.090290679090645,2.609164351708434,4.911489557195993,3.0694800084980804,0.769753588328149,3.6311974891968934,3.7362412493662402,1.4777956501450003,7.883890646710393,2.619511741403041
0.034999999999999996,3.0187998721138816,5.389874871467291,4.3279078748880195,4.214054021780575,4.791996452173277,4.1860972071297455,3.060864355243902,4.6272887636889655,6.025986411085706,4.626302220699045
0.034999999999999996,5.851328642561433,4.813726300140357,2.9504420487682643,6.656282871394624,3.7836784131317054,4.9862831444652,4.12929927437653,4.67533801348054,6.365150020128409,5.2245754519574374
0.034999999999999996,5.558421652368758,2.2886267566204013,1.2965228650610616,3.8601849084619473,6.31029769404786,2.826144378758623,3.8790518782798875,2.2477767194479643,5.022149437580533,2.283586416895797
0.034999999999999996,5.155106593972365,4.462576760002147,5.876672255489621,5.48960313400376,7.94703430486042,5.681021231718491,5.71513803965948,5.413444615132104,3.796911459154051,5.898288430417881
0.034999999999999996,4.053408651302691,4.525316524440528,3.3856067154194935,3.698587352270543,6.93991041521992,5.437488693459344,5.198277733253093,2.405862757293809,4.857931847173811,4.438878542844697
0.034999999999999996,9.064809617150893,3.774087004860168,3.8387313507342906,2.682691643726129,4.398819403056942,3.2444097126258438,2.2792611054462455,2.6975556183596874,0.3504775891833947,3.0081738656503387
0.034999999999999996,6.900053540346984,2.7985001219140586,2.10392645288882,2.6917830559105926,6.6394198183240904,3.2436858769105625,5.774363461970974,1.7189719739389762,9.788652463533841,3.7414615972456002
0.034999999999999996,8.620013670183997,2.580432763034793,7.350325759425193,1.7263793166558365,4.574214724085271,2.74631532977673,0.453538658035831,3.1518775479451526,11.888822027423455,3.036584775942348
0.034999999999999996,4.483550993873617,2.8918621319146416,3.6610410521875068,3.6672040915879607,-0.7681201455162494,3.5806362747736284,4.444627754299055,2.1428493433084412,5.44864678932242,2.496247208609909
0.04,11.520458081090736,4.862580132574635,-0.2773417514141944,3.461052404581903,6.878257262277965,1.9126459923802166,4.8332086942296755,2.943413727830118,9.125877745217664,2.882751930412171
0.04,5.499317923678781,4.285694121990833,5.376951997481581,3.1590932458406513,6.0262735444726,2.98479562699191,9.788569791297459,7.291956307951361,4.008226314524862,6.685594228968233
0.04,13.156960298912649,4.1289313554874125,7.707696031486696,3.071582880768721,0.6793838404816801,3.2229179027571133,-3.9152230895337876,5.398960733076649,10.304736561914101,4.15760724367756
0.04,2.627631022903608,4.11513064349832,6.1120721977351335,2.7953673646818635,-0.993332170002447,4.8146478185744055,2.990731206824634,5.47714672987632,-0.8055748664983613,5.67928568961206
0.04,8.285971876138655,2.226436009695776,4.681160155074652,2.711920118444786,7.929655820959655,3.32182855346622,8.58677545375811,3.4273107144416364,5.9743349001985635,1.5292611288017857
0.04,3.185713139889385,2.6282445870222864,6.8139839353586344,2.425689745201964,2.6418870207479834,2.3504219459327413,2.7901067487029896,3.530832105754674,8.986657423593208,2.9731107320436174
0.04,5.595700737269605,4.434917670224851,4.079371755166804,5.8448223886142205,4.574789127246889,4.35918064370568,4.617376817594983,3.6302444304917736,8.011772924577228,5.423148738028077
0.04,13.013194230025963,8.31752326902886,3.8176068040530224,3.3054903320224036,8.16347200395218,3.282849414307657,6.309904211184399,3.7720354935490517,7.123053142183294,3.5745314489570235
0.04,4.63524038343636,3.5110496488336977,6.412527672501157,4.517365137667921,5.599109299951055,3.4699053514741083,5.211076641613182,4.91161686255115,3.468950414751151,3.5623524258621915
0.04,1.3735378335833945,2.7917161829795094,6.76440108143006,2.6991547776377294,13.496555958834524,5.497840973011218,8.22954684726051,3.298404942581526,8.531639599126505,3.3871241040244766
0.04,2.60162066347609,1.7078877845388,0.771739815571396,2.5515917133945303,2.9141663164018023,2.449814451158492,3.1958403516924414,3.5328505898665776,2.9133433972425395,3.1170627485265414
0.04,5.110718692349874,3.5078447331153386,4.335267624105771,3.060275606961202,13.9168157385586,6.067645568335291,11.540742130092505,4.239431343558117,5.056399955483976,2.741630367300606
0.04,5.542544583109405,5.467549474755259,5.279654690047606,4.854553378939117,3.262984031185854,4.225071882399476,5.980404465261664,4.614308829895255,3.259158297861541,3.113954985648991
0.04,6.068671523445509,2.9704418871071043,4.6739206057219,3.4147065220448236,4.3002205928635915,3.74761108449311,3.585921036306383,4.30716683724695,3.56573914369768,3.0009685651786957
0.04,6.500125025669897,3.971894075399826,7.838776913033323,4.795778043790164,7.181705030133771,4.972376979270644,4.656090713039104,5.134423689504843,3.452125368769782,4.679356155405698
0.04,5.240874376875576,3.8093772407184354,3.450942908095713,3.252893435439496,2.6863202570382585,3.5699478110229648,9.08452056462408,3.6058790597995984,5.656627079059139,3.0020183385236123
0.04,9.188442231840625,4.792054080182989,3.5258078607805134,2.6105305582330764,5.071753169507198,2.8712203866025154,10.080181136847965,4.257821215929805,7.87065864379459,3.1764000835026267
0.04,5.1870235952330015,3.7644677145587,5.345934180975438,4.356962601190802,6.4133191827723595,4.594679258351266,3.703502999776692,4.419004573201223,5.15341110895485,5.070952261500773
0.04,5.295536975684691,3.998255707579414,5.283653444563995,5.874947266540712,5.578103843777729,6.039467517309366,5.482165252586385,5.274590909474858,6.395315920930657,4.431304769601195
0.04,4.830722489330941,2.759247848325314,10.362078168779775,3.8128879371766877,7.371471827930103,2.9955467852794055,7.611844303191004,3.0735661084821997,5.651934007879794,3.2120937105141607
0.04,1.5913359398335682,3.430238289286831,3.604780077236156,2.0307589457901147,0.7982621770009126,3.4078270232203596,7.617542942981954,3.0461900431818316,5.890182884717676,2.2295923807875293
0.04,6.030729746064209,4.35497214940623,5.221510641733692,3.9823779747248467,3.8306597480664584,5.612646106073786,6.162599229356783,3.5725836669359583,5.375328460246906,3.50054992964068
0.04,4.617861940142677,2.919850954330312,3.514586504607448,1.4154905381861878,1.8941049806999655,2.8924123345102957,4.792636278787832,2.147703101751493,-3.9617715893055587,5.037666444013667
0.04,2.220387325842831,2.6157769922857574,2.0461354260953284,2.585189019269022,7.727571500952085,2.4273882552754595,-3.6930690367877985,3.6879819405146868,3.376992110653437,1.8349434264986508
0.04,3.7048927056317766,1.9874265800959272,4.014198370787055,2.9752857499513645,2.6569509456601774,1.0096011917857703,1.3021333115370597,4.058228891049802,13.861827023122522,4.68064049237196
0.04,4.568467169108099,5.284501774426313,3.953220767706342,4.984105772604368,2.4867819218888063,4.089456713865309,7.268661496155232,4.078473406042714,5.824192279149828,5.973561972752141
0.04,6.057436370197004,5.044097871294643,5.194176624673162,6.13322964916649,6.139551835123122,4.599631514832493,5.315392341715521,3.7538209505021856,3.9449284224856727,4.040484855608415
0.04,3.9751119844734744,5.0902788027629855,4.703437507577647,4.2267066284647274,6.340710226793136,3.283284940307865,2.452809652239341,7.733339560579167,6.595145888785812,3.3525518082963783
0.04,6.497632702267205,5.145631927827189,0.29915898216802006,5.67623055669803,3.3794544496620214,4.006917939236259,0.4482788771415011,5.532259321382429,6.728765050487504,2.9020809567796024
0.04,5.8198341119354104,3.4832383538819287,4.695837425282128,4.450593377731619,0.03196508198411135,7.152698072751,5.261917243513042,3.652634465847631,2.3785056388441554,4.900783898152823
0.045,4.59868870236682,2.6427430696914667,6.679225912712991,2.5425760738125933,8.501302034861968,3.3385156703112093,2.8531693906669533,3.3261974483981054,4.1899165736781,1.8848310645601443
0.045,4.456740493673295,4.427284097053446,6.993277844126171,6.756967270976359,4.98846918062539,5.719303229690116,4.670370588417801,5.351271380380529,2.64118511176704,5.4355718065935825
0.045,6.908130781984877,5.21297027730588,5.217095131979621,4.120334110282783,4.490432151973586,4.557903978908279,4.885278678398047,3.7868261254035303,4.594582457900937,4.809887234178794
0.045,5.064668717532531,3.588205628655857,10.648310451644404,5.798636665537585,1.5182538582008587,4.0116476582184735,9.172534031246977,4.000024387154253,5.3832565441407425,3.8794995250995155
0.045,3.900457596270769,5.664435721621778,4.802722994716719,5.183966945646397,5.511853740313779,5.399734243928608,4.499668031304106,4.023279274333155,4.143653693794531,4.182846165204295
0.045,4.974931118130685,2.574211356046817,9.335329208500688,3.1630477640688612,8.707213059748627,4.174074360819676,3.34165600397009,2.157741554124727,4.835955709767425,1.7627029352057633
0.045,5.716121161830387,5.593820870624284,3.7562738347736264,2.8797682760087024,3.0469934997762813,3.988134610270897,4.084699526064149,4.049132509060963,5.379533961511546,3.3966477395356445
0.045,3.5233757211105408,2.908844975877892,9.069231196143889,4.071804883066357,6.096546405847717,2.690698271988834,8.065153185217586,2.8976863158940454,3.5201129642587383,3.15192108975187
0.045,6.306315491974953,2.2791154348653944,4.009187169620276,3.6731376464589154,4.300931371232136,2.532877610609389,8.097027334839606,3.3903025020875455,10.41855563386578,3.045456519580385
0.045,6.1842959761087295,2.4756193742872177,5.462137794774557,3.622011626073993,7.448455799728357,4.655079224067019,7.949848788740509,2.8221180845714655,5.853260284916508,2.090170817349309
0.045,5.195359550256705,2.6986178821356654,3.9448133885225514,2.7006216008769184,5.532424116293368,3.9882061108622917,3.9378878176584404,2.552789257179787,5.049922783767248,2.8426878644017703
0.045,3.181385532664577,6.56366839033945,6.155810003803869,3.6930903921872402,5.344465959374416,5.566681192589345,7.068542193481427,4.723049007260545,6.073336111013807,5.423658074731477
0.045,5.0322374397529215,2.7846333724391674,6.210016507274275,3.000492707732677,4.096853814940085,2.705879830530413,6.243051711783381,3.1336963437484564,0.9291635426801429,4.538308919628749
0.045,8.45100682438258,4.084769715870149,6.527956641234566,2.8340979167580915,6.3044191728855665,2.5650112879386704,4.363793576743628,1.8245485257354632,6.14357272079999,2.316095032126998
0.045,6.443943121403815,2.5655349904786076,13.56559154284421,6.533895308652383,4.3480679653382195,2.061821474632686,3.6543310691476805,2.349423395440805,6.087017431950007,2.9544847773720044
0.045,4.906219532814869,4.988127952997134,5.592180757685246,4.1957628153726105,6.785531285725329,5.687294544440909,4.602887265383279,4.783238484868583,5.000166926563394,5.573662106486687
0.045,3.086128693872004,3.234488940561043,8.558453581290902,3.3264996303645824,2.50622462290177,2.3768633055512813,5.3707685519318,2.2955899722693163,10.50273515413902,3.70951794717008
0.045,7.751323749840676,2.6673547108539175,4.770697396335464,5.9061506578808896,4.890062799492326,5.480596102912264,7.60202488713729,4.824265151451668,5.7860579326082755,4.677819779296121
0.045,5.935788056984453,2.7536506404152163,8.65259436478295,2.262415797927031,3.5869900801020513,2.7703206884344693,1.5621790828134572,3.6393361188204536,3.7051514805015633,3.33105754790083
0.045,3.680738092375158,5.556099770117752,6.642028787928666,4.09495414348528,2.6457386192694887,3.6488865087123616,5.64611155712604,3.707639827039331,6.078331366863637,4.976083620193149
0.045,6.494927128325934,5.124664483100575,5.151595268756219,4.543217901318395,3.5306267039506953,4.0970838999340495,5.005822790338157,3.8994726780246873,4.47346749348057,5.222853143823052
0.045,6.798525726844514,4.174296182571611,4.787688106425114,2.9323340365506936,3.8124266950470194,2.603018732270474,13.065889351244735,7.96275526722858,2.302485396387872,3.090216574854666
0.045,5.384603658559702,2.6935767445092833,5.479015478114936,4.154078953517168,5.831299223046218,5.648911544668673,4.822542525962025,5.576769915791208,6.56297615498699,3.79511865573054
0.045,3.9503487022679833,3.7454392229604765,5.26560535925622,3.172871274911313,5.676851669950045,1.8234854218438923,7.111856099143699,2.9341928952825387,9.727822841865539,3.96790448435407
0.045,0.903536366035768,4.949282875002875,3.927549363332932,4.642658552027378,6.202271952713044,5.161007405182366,4.6015073062269245,6.091917099005959,6.835520124148722,6.107651403090712
0.045,12.027750518694008,2.480524165182284,3.027397611646165,1.3814912298366713,5.1711112533898795,1.0642804550162384,12.082533427072274,2.377874340831288,8.066316121613697,0.9055179905744403
0.045,4.576241840909414,5.795626151615907,5.553487255438039,4.285487287132561,5.541173632356823,3.9612998511214528,4.166621069836491,5.209075858903173,5.1140537099019205,4.625769761640578
0.045,6.00454728007467,3.357431512888702,10.421104552973105,3.099236083887291,2.4595484837265187,4.192414107411241,3.213166221503667,5.057296016637388,4.778257820491044,3.569446269108683
0.045,7.946628884670552,3.518152223291454,2.8951871853171554,2.213388262537956,5.209538695921559,3.7766087322368604,6.532753722728142,2.6924001347037745,8.836200201410236,1.5726199019943017
0.045,10.031658777945099,4.205950120990127,0.2902696193214364,5.867698264741474,2.361187453293712,3.4434226897443545,5.364156439815404,3.1949937984702097,2.524577564387597,3.3802259683398588
